[DEFAULT]
center = [0,20,0]
rotation = [0.247403959,0.0,0.0,0.968912422]
linear_velocity = [0,0,0]
angular_velocity = [0,0,0]
